
  ----------------------------------------------------------------------------------------------------------------------------
  IPGKinematics  Version 3.6.9                                            Model: Querlenker                                   
  ----------------------------------------------------------------------------------------------------------------------------

   Table: Steering Kinematics                                             Demo data                                           

   WhlTra  TraRack  WhlAngL  WhlAngR  CamberL KPOffset  TrackCh Ackerman TrackDif SteerDif AckError AckPCent StRodAng TrackDia  TurnDia
     [mm]     [mm]    [deg]    [deg]    [deg]     [mm]     [mm]    [deg]    [deg]    [deg]    [deg]      [%]    [deg]      [m]      [m]

     0.00     0.00     0.00     0.00     0.00    10.52     0.00     0.00     0.00     0.00     0.00     0.00   102.24 ******** ********
     0.00     5.00    -2.11    -2.13    -0.33    10.64    -0.22    -2.09    -0.04    -0.02    -0.03    42.52    99.85   113.21   113.16
     0.00    10.00    -4.21    -4.29    -0.64    10.76    -0.90    -4.11    -0.18    -0.08    -0.10    43.36    97.52    56.85    56.82
     0.00    15.00    -6.30    -6.48    -0.93    10.88    -2.02    -6.09    -0.39    -0.17    -0.22    44.44    95.23    38.05    38.05
     0.00    20.00    -8.39    -8.70    -1.18    11.01    -3.61    -8.01    -0.69    -0.31    -0.37    45.76    93.00    28.65    28.67
     0.00    25.00   -10.47   -10.97    -1.42    11.14    -5.66    -9.90    -1.07    -0.50    -0.56    47.34    90.80    23.01    23.05
     0.00    30.00   -12.54   -13.30    -1.63    11.27    -8.18   -11.77    -1.53    -0.75    -0.77    49.21    88.65    19.25    19.31
     0.00    35.00   -14.63   -15.69    -1.81    11.41   -11.18   -13.62    -2.07    -1.06    -1.00    51.41    86.53    16.56    16.65
     0.00    40.00   -16.71   -18.16    -1.97    11.55   -14.69   -15.47    -2.69    -1.45    -1.24    53.99    84.45    14.54    14.65
     0.00    45.00   -18.81   -20.75    -2.11    11.70   -18.72   -17.34    -3.40    -1.94    -1.46    57.00    82.39    12.98    13.11
     0.00    50.00   -20.91   -23.46    -2.22    11.85   -23.31   -19.25    -4.22    -2.55    -1.66    60.56    80.36    11.72    11.87
     0.00    55.00   -23.02   -26.35    -2.31    12.00   -28.49   -21.21    -5.14    -3.33    -1.81    64.78    78.37    10.70    10.87
     0.00    60.00   -25.15   -29.49    -2.37    12.16   -34.34   -23.29    -6.20    -4.33    -1.87    69.88    76.39     9.85    10.04
     0.00    65.00   -27.30   -32.97    -2.40    12.31   -40.96   -25.53    -7.44    -5.67    -1.77    76.21    74.44     9.13     9.34
     0.00     0.00     0.00     0.00     0.00    10.52     0.00     0.00     0.00     0.00     0.00     0.00   102.24 ******** ********
     0.00    -5.00     2.13     2.11     0.36    10.39    -0.22     2.09     0.04     0.02     0.03    42.52   104.69   113.21   113.16
     0.00   -10.00     4.29     4.21     0.75    10.27    -0.90     4.11     0.18     0.08     0.10    43.36   107.21    56.85    56.82
     0.00   -15.00     6.48     6.30     1.17    10.14    -2.02     6.09     0.39     0.17     0.22    44.44   109.80    38.05    38.05
     0.00   -20.00     8.70     8.39     1.63    10.01    -3.61     8.01     0.69     0.31     0.37    45.76   112.47    28.65    28.67
     0.00   -25.00    10.97    10.47     2.11     9.87    -5.66     9.90     1.07     0.50     0.56    47.34   115.24    23.01    23.05
     0.00   -30.00    13.30    12.54     2.64     9.73    -8.18    11.77     1.53     0.75     0.77    49.21   118.12    19.25    19.31
     0.00   -35.00    15.69    14.63     3.21     9.57   -11.18    13.62     2.07     1.06     1.00    51.41   121.12    16.56    16.65
     0.00   -40.00    18.16    16.71     3.82     9.40   -14.69    15.47     2.69     1.45     1.24    53.99   124.27    14.54    14.65
     0.00   -45.00    20.75    18.81     4.50     9.22   -18.72    17.34     3.40     1.94     1.46    57.00   127.58    12.98    13.11
     0.00   -50.00    23.46    20.91     5.23     9.01   -23.31    19.25     4.22     2.55     1.66    60.56   131.10    11.72    11.87
     0.00   -55.00    26.35    23.02     6.05     8.78   -28.49    21.21     5.14     3.33     1.81    64.78   134.88    10.70    10.87
     0.00   -60.00    29.49    25.15     6.98     8.52   -34.34    23.29     6.20     4.33     1.87    69.88   138.98     9.85    10.04
     0.00   -65.00    32.97    27.30     8.04     8.21   -40.96    25.53     7.44     5.67     1.77    76.21   143.51     9.13     9.34
     5.00     0.00    -0.02     0.02    -0.16    10.52     0.87    -0.02     0.00    -0.03     0.03     0.00   102.39 ******** ********
     5.00     5.00    -2.12    -2.11    -0.49    10.65     0.65    -2.07    -0.04     0.01    -0.06   -31.58   100.00   112.74   112.69
     5.00    10.00    -4.22    -4.26    -0.80    10.77    -0.03    -4.09    -0.17    -0.04    -0.13    25.08    97.67    56.83    56.80
     5.00    15.00    -6.30    -6.44    -1.08    10.90    -1.16    -6.05    -0.39    -0.14    -0.25    36.42    95.39    38.09    38.09
     5.00    20.00    -8.37    -8.65    -1.34    11.02    -2.74    -7.97    -0.68    -0.28    -0.40    41.33    93.15    28.70    28.72
     5.00    25.00   -10.44   -10.91    -1.57    11.16    -4.79    -9.86    -1.06    -0.47    -0.59    44.57    90.96    23.06    23.10
     5.00    30.00   -12.51   -13.23    -1.78    11.29    -7.32   -11.72    -1.51    -0.72    -0.80    47.34    88.81    19.29    19.36
     5.00    35.00   -14.59   -15.61    -1.96    11.43   -10.33   -13.56    -2.05    -1.03    -1.02    50.08    86.69    16.60    16.69
     5.00    40.00   -16.66   -18.08    -2.12    11.57   -13.84   -15.41    -2.67    -1.41    -1.25    53.00    84.61    14.58    14.69
     5.00    45.00   -18.75   -20.65    -2.26    11.72   -17.88   -17.27    -3.38    -1.90    -1.48    56.24    82.56    13.02    13.14
     5.00    50.00   -20.84   -23.35    -2.37    11.87   -22.47   -19.17    -4.18    -2.51    -1.68    59.95    80.54    11.76    11.91
     5.00    55.00   -22.95   -26.23    -2.45    12.03   -27.66   -21.13    -5.10    -3.28    -1.82    64.27    78.54    10.73    10.90
     5.00    60.00   -25.07   -29.34    -2.51    12.18   -33.52   -23.19    -6.15    -4.27    -1.88    69.43    76.57     9.88    10.07
     5.00    65.00   -27.20   -32.79    -2.54    12.34   -40.14   -25.42    -7.38    -5.59    -1.79    75.76    74.62     9.16     9.37
     5.00     0.00    -0.02     0.02    -0.16    10.52     0.87    -0.02     0.00    -0.03     0.03     0.00   102.39 ******** ********
     5.00    -5.00     2.11     2.12     0.20    10.40     0.65     2.07     0.04    -0.01     0.06   -31.58   104.83   112.74   112.69
     5.00   -10.00     4.26     4.22     0.59    10.28    -0.03     4.09     0.17     0.04     0.13    25.08   107.35    56.83    56.80
     5.00   -15.00     6.44     6.30     1.01    10.15    -1.16     6.05     0.39     0.14     0.25    36.42   109.94    38.09    38.09
     5.00   -20.00     8.65     8.37     1.46    10.02    -2.74     7.97     0.68     0.28     0.40    41.33   112.61    28.70    28.72
     5.00   -25.00    10.91    10.44     1.95     9.88    -4.79     9.86     1.06     0.47     0.59    44.57   115.38    23.06    23.10
     5.00   -30.00    13.23    12.51     2.47     9.73    -7.32    11.72     1.51     0.72     0.80    47.34   118.26    19.29    19.36
     5.00   -35.00    15.61    14.59     3.04     9.58   -10.33    13.56     2.05     1.03     1.02    50.08   121.26    16.60    16.69
     5.00   -40.00    18.08    16.66     3.65     9.41   -13.84    15.41     2.67     1.41     1.25    53.00   124.41    14.58    14.69
     5.00   -45.00    20.65    18.75     4.32     9.22   -17.88    17.27     3.38     1.90     1.48    56.24   127.72    13.02    13.14
     5.00   -50.00    23.35    20.84     5.06     9.02   -22.47    19.17     4.18     2.51     1.68    59.95   131.24    11.76    11.91
     5.00   -55.00    26.23    22.95     5.87     8.78   -27.66    21.13     5.10     3.28     1.82    64.27   135.02    10.73    10.90
     5.00   -60.00    29.34    25.07     6.79     8.52   -33.52    23.19     6.15     4.27     1.88    69.43   139.12     9.88    10.07
     5.00   -65.00    32.79    27.20     7.86     8.21   -40.14    25.42     7.38     5.59     1.79    75.76   143.66     9.16     9.37
    10.00     0.00    -0.03     0.03    -0.33    10.53     1.62    -0.03     0.00    -0.07     0.07     0.00   102.53 ******** ********
    10.00     5.00    -2.13    -2.08    -0.66    10.66     1.40    -2.04    -0.04     0.05    -0.09  -119.24   100.14   112.17   112.12
    10.00    10.00    -4.22    -4.23    -0.96    10.78     0.72    -4.05    -0.17    -0.01    -0.16     3.77    97.81    56.79    56.76
    10.00    15.00    -6.29    -6.40    -1.24    10.91    -0.41    -6.01    -0.38    -0.10    -0.28    27.11    95.54    38.12    38.11
    10.00    20.00    -8.36    -8.60    -1.50    11.04    -2.00    -7.93    -0.67    -0.24    -0.43    36.18    93.30    28.74    28.76
    10.00    25.00   -10.42   -10.86    -1.73    11.17    -4.05    -9.81    -1.05    -0.43    -0.61    41.34    91.12    23.10    23.14
    10.00    30.00   -12.49   -13.16    -1.93    11.31    -6.58   -11.66    -1.50    -0.68    -0.82    45.15    88.97    19.34    19.40
    10.00    35.00   -14.55   -15.54    -2.11    11.45    -9.59   -13.50    -2.03    -0.99    -1.05    48.51    86.85    16.64    16.73
    10.00    40.00   -16.62   -17.99    -2.27    11.59   -13.11   -15.34    -2.65    -1.37    -1.28    51.82    84.77    14.62    14.73
    10.00    45.00   -18.69   -20.55    -2.41    11.74   -17.15   -17.20    -3.35    -1.85    -1.50    55.33    82.73    13.05    13.18
    10.00    50.00   -20.78   -23.24    -2.51    11.90   -21.75   -19.09    -4.15    -2.46    -1.69    59.22    80.71    11.79    11.94
    10.00    55.00   -22.87   -26.10    -2.60    12.05   -26.95   -21.04    -5.06    -3.22    -1.84    63.66    78.72    10.77    10.93
    10.00    60.00   -24.98   -29.19    -2.66    12.21   -32.81   -23.09    -6.10    -4.20    -1.90    68.89    76.75     9.91    10.10
    10.00    65.00   -27.11   -32.61    -2.69    12.38   -39.45   -25.30    -7.31    -5.50    -1.81    75.25    74.81     9.19     9.40
    10.00     0.00    -0.03     0.03    -0.33    10.53     1.62    -0.03     0.00    -0.07     0.07     0.00   102.53 ******** ********
    10.00    -5.00     2.08     2.13     0.03    10.41     1.40     2.04     0.04    -0.05     0.09  -119.24   104.97   112.17   112.12
    10.00   -10.00     4.23     4.22     0.42    10.28     0.72     4.05     0.17     0.01     0.16     3.77   107.48    56.79    56.76
    10.00   -15.00     6.40     6.29     0.84    10.16    -0.41     6.01     0.38     0.10     0.28    27.11   110.07    38.12    38.11
    10.00   -20.00     8.60     8.36     1.29    10.02    -2.00     7.93     0.67     0.24     0.43    36.18   112.75    28.74    28.76
    10.00   -25.00    10.86    10.42     1.77     9.89    -4.05     9.81     1.05     0.43     0.61    41.34   115.51    23.10    23.14
    10.00   -30.00    13.16    12.49     2.30     9.74    -6.58    11.66     1.50     0.68     0.82    45.15   118.39    19.34    19.40
    10.00   -35.00    15.54    14.55     2.86     9.58    -9.59    13.50     2.03     0.99     1.05    48.51   121.39    16.64    16.73
    10.00   -40.00    17.99    16.62     3.48     9.41   -13.11    15.34     2.65     1.37     1.28    51.82   124.53    14.62    14.73
    10.00   -45.00    20.55    18.69     4.14     9.23   -17.15    17.20     3.35     1.85     1.50    55.33   127.85    13.05    13.18
    10.00   -50.00    23.24    20.78     4.88     9.02   -21.75    19.09     4.15     2.46     1.69    59.22   131.37    11.79    11.94
    10.00   -55.00    26.10    22.87     5.69     8.79   -26.95    21.04     5.06     3.22     1.84    63.66   135.14    10.77    10.93
    10.00   -60.00    29.19    24.98     6.61     8.52   -32.81    23.09     6.10     4.20     1.90    68.89   139.25     9.91    10.10
    10.00   -65.00    32.61    27.11     7.67     8.21   -39.45    25.30     7.31     5.50     1.81    75.25   143.79     9.19     9.40
    15.00     0.00    -0.06     0.06    -0.49    10.54     2.25    -0.06     0.00    -0.11     0.11     0.00   102.66 ******** ********
    15.00     5.00    -2.15    -2.05    -0.82    10.67     2.02    -2.01    -0.04     0.09    -0.13  -222.12   100.28   111.50   111.45
    15.00    10.00    -4.22    -4.19    -1.13    10.79     1.35    -4.02    -0.17     0.03    -0.20   -20.79    97.95    56.72    56.69
    15.00    15.00    -6.29    -6.35    -1.41    10.92     0.22    -5.97    -0.38    -0.06    -0.32    16.42    95.68    38.13    38.13
    15.00    20.00    -8.35    -8.55    -1.66    11.05    -1.37    -7.88    -0.67    -0.20    -0.47    30.28    93.45    28.78    28.80
    15.00    25.00   -10.40   -10.79    -1.89    11.19    -3.43    -9.76    -1.04    -0.39    -0.65    37.63    91.27    23.14    23.18
    15.00    30.00   -12.46   -13.09    -2.09    11.33    -5.96   -11.61    -1.48    -0.63    -0.85    42.63    89.12    19.38    19.44
    15.00    35.00   -14.51   -15.45    -2.27    11.47    -8.98   -13.44    -2.01    -0.94    -1.07    46.69    87.01    16.68    16.77
    15.00    40.00   -16.57   -17.90    -2.43    11.61   -12.50   -15.28    -2.62    -1.32    -1.30    50.46    84.94    14.66    14.76
    15.00    45.00   -18.64   -20.44    -2.56    11.77   -16.55   -17.12    -3.32    -1.80    -1.52    54.28    82.89    13.09    13.21
    15.00    50.00   -20.72   -23.12    -2.67    11.92   -21.15   -19.00    -4.12    -2.40    -1.71    58.37    80.88    11.83    11.97
    15.00    55.00   -22.80   -25.96    -2.75    12.08   -26.36   -20.94    -5.02    -3.16    -1.86    62.95    78.89    10.80    10.96
    15.00    60.00   -24.90   -29.03    -2.80    12.24   -32.23   -22.98    -6.05    -4.13    -1.92    68.26    76.93     9.94    10.13
    15.00    65.00   -27.02   -32.43    -2.84    12.41   -38.87   -25.18    -7.25    -5.41    -1.84    74.66    74.99     9.22     9.42
    15.00     0.00    -0.06     0.06    -0.49    10.54     2.25    -0.06     0.00    -0.11     0.11     0.00   102.66 ******** ********
    15.00    -5.00     2.05     2.15    -0.14    10.42     2.02     2.01     0.04    -0.09     0.13  -222.12   105.10   111.50   111.45
    15.00   -10.00     4.19     4.22     0.25    10.29     1.35     4.02     0.17    -0.03     0.20   -20.79   107.61    56.72    56.69
    15.00   -15.00     6.35     6.29     0.67    10.16     0.22     5.97     0.38     0.06     0.32    16.42   110.20    38.13    38.13
    15.00   -20.00     8.55     8.35     1.11    10.03    -1.37     7.88     0.67     0.20     0.47    30.28   112.87    28.78    28.80
    15.00   -25.00    10.79    10.40     1.60     9.89    -3.43     9.76     1.04     0.39     0.65    37.63   115.63    23.14    23.18
    15.00   -30.00    13.09    12.46     2.12     9.75    -5.96    11.61     1.48     0.63     0.85    42.63   118.51    19.38    19.44
    15.00   -35.00    15.45    14.51     2.68     9.59    -8.98    13.44     2.01     0.94     1.07    46.69   121.50    16.68    16.77
    15.00   -40.00    17.90    16.57     3.29     9.42   -12.50    15.28     2.62     1.32     1.30    50.46   124.65    14.66    14.76
    15.00   -45.00    20.44    18.64     3.96     9.23   -16.55    17.12     3.32     1.80     1.52    54.28   127.96    13.09    13.21
    15.00   -50.00    23.12    20.72     4.69     9.03   -21.15    19.00     4.12     2.40     1.71    58.37   131.48    11.83    11.97
    15.00   -55.00    25.96    22.80     5.50     8.79   -26.36    20.94     5.02     3.16     1.86    62.95   135.25    10.80    10.96
    15.00   -60.00    29.03    24.90     6.42     8.52   -32.23    22.98     6.05     4.13     1.92    68.26   139.35     9.94    10.13
    15.00   -65.00    32.43    27.02     7.47     8.21   -38.87    25.18     7.25     5.41     1.84    74.66   143.89     9.22     9.42
    20.00     0.00    -0.08     0.08    -0.67    10.55     2.76    -0.08     0.00    -0.16     0.16 ********   102.79 ******** ********
    20.00     5.00    -2.16    -2.02    -0.99    10.68     2.53    -1.98    -0.04     0.14    -0.18  -342.20   100.41   110.73   110.68
    20.00    10.00    -4.23    -4.15    -1.30    10.81     1.86    -3.99    -0.16     0.08    -0.25   -48.89    98.09    56.62    56.59
    20.00    15.00    -6.29    -6.31    -1.57    10.94     0.72    -5.93    -0.37    -0.02    -0.36     4.27    95.82    38.14    38.13
    20.00    20.00    -8.34    -8.50    -1.82    11.07    -0.87    -7.84    -0.66    -0.16    -0.50    23.57    93.60    28.81    28.82
    20.00    25.00   -10.39   -10.73    -2.05    11.20    -2.93    -9.71    -1.03    -0.34    -0.68    33.42    91.42    23.18    23.22
    20.00    30.00   -12.43   -13.02    -2.25    11.34    -5.46   -11.55    -1.47    -0.58    -0.89    39.76    89.27    19.42    19.48
    20.00    35.00   -14.48   -15.37    -2.43    11.49    -8.48   -13.38    -1.99    -0.89    -1.10    44.63    87.17    16.72    16.80
    20.00    40.00   -16.53   -17.80    -2.59    11.64   -12.01   -15.20    -2.60    -1.27    -1.33    48.91    85.10    14.70    14.80
    20.00    45.00   -18.59   -20.34    -2.71    11.79   -16.06   -17.04    -3.29    -1.75    -1.54    53.07    83.06    13.12    13.25
    20.00    50.00   -20.66   -23.00    -2.82    11.95   -20.67   -18.92    -4.08    -2.34    -1.74    57.39    81.05    11.86    12.01
    20.00    55.00   -22.73   -25.82    -2.90    12.11   -25.88   -20.85    -4.97    -3.09    -1.88    62.13    79.07    10.83    11.00
    20.00    60.00   -24.82   -28.87    -2.96    12.28   -31.75   -22.88    -5.99    -4.05    -1.94    67.55    77.11     9.97    10.16
    20.00    65.00   -26.92   -32.23    -2.99    12.44   -38.40   -25.06    -7.18    -5.31    -1.87    73.99    75.18     9.25     9.45
    20.00     0.00    -0.08     0.08    -0.67    10.55     2.76    -0.08     0.00    -0.16     0.16 ********   102.79 ******** ********
    20.00    -5.00     2.02     2.16    -0.31    10.43     2.53     1.98     0.04    -0.14     0.18  -342.20   105.23   110.73   110.68
    20.00   -10.00     4.15     4.23     0.08    10.30     1.86     3.99     0.16    -0.08     0.25   -48.89   107.74    56.62    56.59
    20.00   -15.00     6.31     6.29     0.49    10.17     0.72     5.93     0.37     0.02     0.36     4.27   110.32    38.14    38.13
    20.00   -20.00     8.50     8.34     0.94    10.04    -0.87     7.84     0.66     0.16     0.50    23.57   112.98    28.81    28.82
    20.00   -25.00    10.73    10.39     1.42     9.90    -2.93     9.71     1.03     0.34     0.68    33.42   115.75    23.18    23.22
    20.00   -30.00    13.02    12.43     1.94     9.76    -5.46    11.55     1.47     0.58     0.89    39.76   118.61    19.42    19.48
    20.00   -35.00    15.37    14.48     2.50     9.60    -8.48    13.38     1.99     0.89     1.10    44.63   121.61    16.72    16.80
    20.00   -40.00    17.80    16.53     3.11     9.43   -12.01    15.20     2.60     1.27     1.33    48.91   124.75    14.70    14.80
    20.00   -45.00    20.34    18.59     3.78     9.24   -16.06    17.04     3.29     1.75     1.54    53.07   128.06    13.12    13.25
    20.00   -50.00    23.00    20.66     4.51     9.03   -20.67    18.92     4.08     2.34     1.74    57.39   131.57    11.86    12.01
    20.00   -55.00    25.82    22.73     5.31     8.80   -25.88    20.85     4.97     3.09     1.88    62.13   135.34    10.83    11.00
    20.00   -60.00    28.87    24.82     6.22     8.53   -31.75    22.88     5.99     4.05     1.94    67.55   139.44     9.97    10.16
    20.00   -65.00    32.23    26.92     7.27     8.21   -38.40    25.06     7.18     5.31     1.87    73.99   143.98     9.25     9.45
    25.00     0.00    -0.10     0.10    -0.84    10.56     3.15    -0.10     0.00    -0.21     0.21 ********   102.91 ******** ********
    25.00     5.00    -2.18    -1.99    -1.17    10.69     2.93    -1.95    -0.04     0.19    -0.23  -481.90   100.54   109.87   109.81
    25.00    10.00    -4.24    -4.11    -1.47    10.82     2.25    -3.95    -0.16     0.13    -0.29   -80.83    98.22    56.50    56.47
    25.00    15.00    -6.29    -6.26    -1.74    10.95     1.11    -5.89    -0.37     0.03    -0.40    -9.46    95.96    38.13    38.12
    25.00    20.00    -8.33    -8.44    -1.99    11.08    -0.48    -7.79    -0.65    -0.10    -0.55    16.02    93.74    28.83    28.85
    25.00    25.00   -10.37   -10.66    -2.22    11.22    -2.54    -9.65    -1.01    -0.29    -0.72    28.68    91.56    23.21    23.25
    25.00    30.00   -12.41   -12.94    -2.42    11.36    -5.07   -11.49    -1.45    -0.53    -0.92    36.52    89.43    19.45    19.51
    25.00    35.00   -14.45   -15.28    -2.59    11.51    -8.10   -13.31    -1.97    -0.83    -1.14    42.29    87.33    16.76    16.84
    25.00    40.00   -16.49   -17.71    -2.75    11.66   -11.63   -15.13    -2.57    -1.21    -1.36    47.15    85.26    14.73    14.83
    25.00    45.00   -18.54   -20.22    -2.87    11.81   -15.69   -16.96    -3.26    -1.69    -1.58    51.69    83.23    13.16    13.28
    25.00    50.00   -20.60   -22.87    -2.98    11.98   -20.30   -18.83    -4.04    -2.27    -1.77    56.29    81.22    11.89    12.04
    25.00    55.00   -22.66   -25.68    -3.06    12.14   -25.52   -20.75    -4.92    -3.01    -1.91    61.21    79.25    10.86    11.03
    25.00    60.00   -24.74   -28.70    -3.11    12.31   -31.39   -22.77    -5.94    -3.96    -1.97    66.74    77.29    10.00    10.19
    25.00    65.00   -26.83   -32.04    -3.14    12.48   -38.04   -24.93    -7.11    -5.21    -1.90    73.24    75.37     9.28     9.48
    25.00     0.00    -0.10     0.10    -0.84    10.56     3.15    -0.10     0.00    -0.21     0.21 ********   102.91 ******** ********
    25.00    -5.00     1.99     2.18    -0.49    10.44     2.93     1.95     0.04    -0.19     0.23  -481.90   105.35   109.87   109.81
    25.00   -10.00     4.11     4.24    -0.10    10.31     2.25     3.95     0.16    -0.13     0.29   -80.83   107.85    56.50    56.47
    25.00   -15.00     6.26     6.29     0.31    10.18     1.11     5.89     0.37    -0.03     0.40    -9.46   110.43    38.13    38.12
    25.00   -20.00     8.44     8.33     0.76    10.05    -0.48     7.79     0.65     0.10     0.55    16.02   113.09    28.83    28.85
    25.00   -25.00    10.66    10.37     1.24     9.91    -2.54     9.65     1.01     0.29     0.72    28.68   115.85    23.21    23.25
    25.00   -30.00    12.94    12.41     1.75     9.76    -5.07    11.49     1.45     0.53     0.92    36.52   118.71    19.45    19.51
    25.00   -35.00    15.28    14.45     2.31     9.61    -8.10    13.31     1.97     0.83     1.14    42.29   121.70    16.76    16.84
    25.00   -40.00    17.71    16.49     2.92     9.44   -11.63    15.13     2.57     1.21     1.36    47.15   124.84    14.73    14.83
    25.00   -45.00    20.22    18.54     3.59     9.25   -15.69    16.96     3.26     1.69     1.58    51.69   128.14    13.16    13.28
    25.00   -50.00    22.87    20.60     4.31     9.04   -20.30    18.83     4.04     2.27     1.77    56.29   131.65    11.89    12.04
    25.00   -55.00    25.68    22.66     5.12     8.80   -25.52    20.75     4.92     3.01     1.91    61.21   135.42    10.86    11.03
    25.00   -60.00    28.70    24.74     6.02     8.53   -31.39    22.77     5.94     3.96     1.97    66.74   139.51    10.00    10.19
    25.00   -65.00    32.04    26.83     7.07     8.21   -38.04    24.93     7.11     5.21     1.90    73.24   144.04     9.28     9.48
    30.00     0.00    -0.13     0.13    -1.02    10.58     3.43    -0.13     0.00    -0.26     0.26 ********   103.03 ******** ********
    30.00     5.00    -2.20    -1.96    -1.34    10.70     3.20    -1.92    -0.04     0.24    -0.28  -644.18   100.66   108.91   108.86
    30.00    10.00    -4.25    -4.07    -1.64    10.83     2.52    -3.91    -0.16     0.19    -0.34  -116.99    98.35    56.35    56.32
    30.00    15.00    -6.29    -6.20    -1.91    10.96     1.39    -5.84    -0.36     0.09    -0.45   -24.89    96.09    38.11    38.11
    30.00    20.00    -8.33    -8.38    -2.16    11.10    -0.21    -7.74    -0.64    -0.05    -0.59     7.56    93.88    28.85    28.86
    30.00    25.00   -10.36   -10.59    -2.39    11.24    -2.27    -9.59    -1.00    -0.23    -0.77    23.37    91.70    23.24    23.28
    30.00    30.00   -12.39   -12.86    -2.58    11.38    -4.81   -11.42    -1.44    -0.47    -0.96    32.90    89.57    19.49    19.54
    30.00    35.00   -14.42   -15.19    -2.76    11.53    -7.83   -13.24    -1.95    -0.77    -1.18    39.67    87.48    16.79    16.87
    30.00    40.00   -16.45   -17.60    -2.91    11.68   -11.37   -15.06    -2.55    -1.15    -1.40    45.17    85.42    14.77    14.87
    30.00    45.00   -18.49   -20.11    -3.04    11.84   -15.43   -16.88    -3.23    -1.62    -1.61    50.15    83.39    13.19    13.31
    30.00    50.00   -20.54   -22.74    -3.14    12.00   -20.04   -18.74    -4.00    -2.20    -1.80    55.04    81.39    11.93    12.07
    30.00    55.00   -22.59   -25.53    -3.22    12.17   -25.26   -20.65    -4.88    -2.93    -1.94    60.17    79.42    10.89    11.06
    30.00    60.00   -24.66   -28.53    -3.27    12.34   -31.15   -22.65    -5.88    -3.87    -2.01    65.84    77.48    10.03    10.21
    30.00    65.00   -26.74   -31.84    -3.30    12.52   -37.79   -24.80    -7.03    -5.09    -1.94    72.41    75.56     9.30     9.51
    30.00     0.00    -0.13     0.13    -1.02    10.58     3.43    -0.13     0.00    -0.26     0.26 ********   103.03 ******** ********
    30.00    -5.00     1.96     2.20    -0.67    10.45     3.20     1.92     0.04    -0.24     0.28  -644.18   105.46   108.91   108.86
    30.00   -10.00     4.07     4.25    -0.28    10.32     2.52     3.91     0.16    -0.19     0.34  -116.99   107.96    56.35    56.32
    30.00   -15.00     6.20     6.29     0.13    10.19     1.39     5.84     0.36    -0.09     0.45   -24.89   110.53    38.11    38.11
    30.00   -20.00     8.38     8.33     0.57    10.06    -0.21     7.74     0.64     0.05     0.59     7.56   113.19    28.85    28.86
    30.00   -25.00    10.59    10.36     1.05     9.92    -2.27     9.59     1.00     0.23     0.77    23.37   115.94    23.24    23.28
    30.00   -30.00    12.86    12.39     1.57     9.77    -4.81    11.42     1.44     0.47     0.96    32.90   118.80    19.49    19.54
    30.00   -35.00    15.19    14.42     2.12     9.61    -7.83    13.24     1.95     0.77     1.18    39.67   121.78    16.79    16.87
    30.00   -40.00    17.60    16.45     2.73     9.44   -11.37    15.06     2.55     1.15     1.40    45.17   124.91    14.77    14.87
    30.00   -45.00    20.11    18.49     3.39     9.26   -15.43    16.88     3.23     1.62     1.61    50.15   128.21    13.19    13.31
    30.00   -50.00    22.74    20.54     4.12     9.05   -20.04    18.74     4.00     2.20     1.80    55.04   131.72    11.93    12.07
    30.00   -55.00    25.53    22.59     4.92     8.81   -25.26    20.65     4.88     2.93     1.94    60.17   135.48    10.89    11.06
    30.00   -60.00    28.53    24.66     5.82     8.54   -31.15    22.65     5.88     3.87     2.01    65.84   139.56    10.03    10.21
    30.00   -65.00    31.84    26.74     6.85     8.22   -37.79    24.80     7.03     5.09     1.94    72.41   144.08     9.30     9.51
    35.00     0.00    -0.16     0.16    -1.20    10.59     3.59    -0.16     0.00    -0.32     0.32 ********   103.14 ******** ********
    35.00     5.00    -2.22    -1.92    -1.52    10.72     3.36    -1.88    -0.04     0.30    -0.34  -832.64   100.78   107.86   107.81
    35.00    10.00    -4.26    -4.02    -1.82    10.85     2.68    -3.86    -0.16     0.24    -0.40  -157.81    98.47    56.18    56.15
    35.00    15.00    -6.30    -6.15    -2.09    10.98     1.55    -5.79    -0.35     0.15    -0.50   -42.14    96.22    38.08    38.08
    35.00    20.00    -8.33    -8.31    -2.34    11.11    -0.05    -7.68    -0.63     0.01    -0.64    -1.88    94.01    28.86    28.87
    35.00    25.00   -10.35   -10.52    -2.56    11.26    -2.11    -9.53    -0.99    -0.17    -0.82    17.45    91.84    23.27    23.31
    35.00    30.00   -12.37   -12.78    -2.76    11.40    -4.65   -11.36    -1.42    -0.41    -1.01    28.86    89.72    19.52    19.58
    35.00    35.00   -14.39   -15.10    -2.93    11.55    -7.68   -13.17    -1.93    -0.71    -1.22    36.76    87.63    16.83    16.90
    35.00    40.00   -16.41   -17.50    -3.08    11.71   -11.22   -14.98    -2.52    -1.08    -1.44    42.97    85.58    14.80    14.90
    35.00    45.00   -18.44   -19.99    -3.20    11.87   -15.28   -16.80    -3.19    -1.55    -1.65    48.43    83.56    13.22    13.34
    35.00    50.00   -20.48   -22.60    -3.30    12.03   -19.90   -18.65    -3.96    -2.12    -1.84    53.65    81.56    11.96    12.10
    35.00    55.00   -22.53   -25.37    -3.38    12.20   -25.12   -20.55    -4.83    -2.85    -1.98    59.01    79.60    10.92    11.09
    35.00    60.00   -24.58   -28.35    -3.43    12.38   -31.01   -22.54    -5.82    -3.77    -2.05    64.83    77.66    10.06    10.24
    35.00    65.00   -26.65   -31.63    -3.45    12.55   -37.65   -24.67    -6.96    -4.97    -1.98    71.49    75.75     9.33     9.53
    35.00     0.00    -0.16     0.16    -1.20    10.59     3.59    -0.16     0.00    -0.32     0.32 ********   103.14 ******** ********
    35.00    -5.00     1.92     2.22    -0.85    10.46     3.36     1.88     0.04    -0.30     0.34  -832.64   105.57   107.86   107.81
    35.00   -10.00     4.02     4.26    -0.47    10.33     2.68     3.86     0.16    -0.24     0.40  -157.81   108.06    56.18    56.15
    35.00   -15.00     6.15     6.30    -0.06    10.20     1.55     5.79     0.35    -0.15     0.50   -42.14   110.63    38.08    38.08
    35.00   -20.00     8.31     8.33     0.38    10.07    -0.05     7.68     0.63    -0.01     0.64    -1.88   113.28    28.86    28.87
    35.00   -25.00    10.52    10.35     0.86     9.93    -2.11     9.53     0.99     0.17     0.82    17.45   116.02    23.27    23.31
    35.00   -30.00    12.78    12.37     1.37     9.78    -4.65    11.36     1.42     0.41     1.01    28.86   118.88    19.52    19.58
    35.00   -35.00    15.10    14.39     1.93     9.62    -7.68    13.17     1.93     0.71     1.22    36.76   121.86    16.83    16.90
    35.00   -40.00    17.50    16.41     2.53     9.45   -11.22    14.98     2.52     1.08     1.44    42.97   124.98    14.80    14.90
    35.00   -45.00    19.99    18.44     3.19     9.26   -15.28    16.80     3.19     1.55     1.65    48.43   128.27    13.22    13.34
    35.00   -50.00    22.60    20.48     3.91     9.05   -19.90    18.65     3.96     2.12     1.84    53.65   131.77    11.96    12.10
    35.00   -55.00    25.37    22.53     4.71     8.82   -25.12    20.55     4.83     2.85     1.98    59.01   135.52    10.92    11.09
    35.00   -60.00    28.35    24.58     5.61     8.54   -31.01    22.54     5.82     3.77     2.05    64.83   139.59    10.06    10.24
    35.00   -65.00    31.63    26.65     6.64     8.22   -37.65    24.67     6.96     4.97     1.98    71.49   144.10     9.33     9.53
    40.00     0.00    -0.19     0.19    -1.39    10.60     3.63    -0.19     0.00    -0.38     0.38 ********   103.25 ******** ********
    40.00     5.00    -2.24    -1.88    -1.71    10.73     3.40    -1.84    -0.03     0.36    -0.40 -1051.70   100.89   106.74   106.68
    40.00    10.00    -4.28    -3.97    -2.00    10.86     2.73    -3.82    -0.15     0.31    -0.46  -203.78    98.59    55.98    55.95
    40.00    15.00    -6.31    -6.09    -2.27    10.99     1.59    -5.74    -0.35     0.21    -0.56   -61.40    96.34    38.04    38.03
    40.00    20.00    -8.32    -8.25    -2.52    11.13    -0.01    -7.62    -0.62     0.08    -0.70   -12.36    94.14    28.86    28.88
    40.00    25.00   -10.34   -10.44    -2.73    11.27    -2.07    -9.47    -0.97    -0.11    -0.87    10.90    91.98    23.29    23.33
    40.00    30.00   -12.35   -12.69    -2.93    11.42    -4.61   -11.29    -1.40    -0.34    -1.06    24.40    89.86    19.55    19.60
    40.00    35.00   -14.36   -15.00    -3.10    11.57    -7.64   -13.09    -1.91    -0.64    -1.27    33.52    87.78    16.86    16.94
    40.00    40.00   -16.38   -17.39    -3.25    11.73   -11.18   -14.90    -2.49    -1.01    -1.48    40.53    85.73    14.83    14.93
    40.00    45.00   -18.40   -19.87    -3.37    11.89   -15.24   -16.71    -3.16    -1.47    -1.69    46.51    83.72    13.25    13.37
    40.00    50.00   -20.43   -22.47    -3.47    12.06   -19.86   -18.55    -3.92    -2.04    -1.88    52.10    81.74    11.99    12.13
    40.00    55.00   -22.46   -25.22    -3.54    12.24   -25.09   -20.44    -4.77    -2.76    -2.02    57.72    79.78    10.95    11.11
    40.00    60.00   -24.51   -28.17    -3.59    12.41   -30.98   -22.42    -5.75    -3.66    -2.09    63.72    77.85    10.09    10.27
    40.00    65.00   -26.57   -31.42    -3.62    12.59   -37.62   -24.54    -6.88    -4.85    -2.03    70.48    75.94     9.36     9.56
    40.00     0.00    -0.19     0.19    -1.39    10.60     3.63    -0.19     0.00    -0.38     0.38 ********   103.25 ******** ********
    40.00    -5.00     1.88     2.24    -1.04    10.47     3.40     1.84     0.03    -0.36     0.40 -1051.70   105.67   106.74   106.68
    40.00   -10.00     3.97     4.28    -0.66    10.34     2.73     3.82     0.15    -0.31     0.46  -203.78   108.15    55.98    55.95
    40.00   -15.00     6.09     6.31    -0.25    10.21     1.59     5.74     0.35    -0.21     0.56   -61.40   110.71    38.04    38.03
    40.00   -20.00     8.25     8.32     0.19    10.08    -0.01     7.62     0.62    -0.08     0.70   -12.36   113.36    28.86    28.88
    40.00   -25.00    10.44    10.34     0.66     9.94    -2.07     9.47     0.97     0.11     0.87    10.90   116.10    23.29    23.33
    40.00   -30.00    12.69    12.35     1.18     9.79    -4.61    11.29     1.40     0.34     1.06    24.40   118.95    19.55    19.60
    40.00   -35.00    15.00    14.36     1.73     9.63    -7.64    13.09     1.91     0.64     1.27    33.52   121.92    16.86    16.94
    40.00   -40.00    17.39    16.38     2.33     9.46   -11.18    14.90     2.49     1.01     1.48    40.53   125.03    14.83    14.93
    40.00   -45.00    19.87    18.40     2.99     9.27   -15.24    16.71     3.16     1.47     1.69    46.51   128.31    13.25    13.37
    40.00   -50.00    22.47    20.43     3.71     9.06   -19.86    18.55     3.92     2.04     1.88    52.10   131.80    11.99    12.13
    40.00   -55.00    25.22    22.46     4.50     8.83   -25.09    20.44     4.77     2.76     2.02    57.72   135.54    10.95    11.11
    40.00   -60.00    28.17    24.51     5.40     8.55   -30.98    22.42     5.75     3.66     2.09    63.72   139.61    10.09    10.27
    40.00   -65.00    31.42    26.57     6.42     8.23   -37.62    24.54     6.88     4.85     2.03    70.48   144.10     9.36     9.56
    45.00     0.00    -0.23     0.23    -1.57    10.61     3.56    -0.23     0.00    -0.45     0.45 ********   103.35 ******** ********
    45.00     5.00    -2.27    -1.84    -1.89    10.74     3.34    -1.80    -0.03     0.43    -0.47 -1306.88   101.00   105.53   105.48
    45.00    10.00    -4.30    -3.92    -2.19    10.87     2.66    -3.77    -0.15     0.38    -0.52  -255.50    98.71    55.75    55.72
    45.00    15.00    -6.31    -6.03    -2.45    11.01     1.52    -5.69    -0.34     0.28    -0.62   -82.82    96.46    37.99    37.98
    45.00    20.00    -8.33    -8.18    -2.70    11.15    -0.08    -7.57    -0.61     0.15    -0.76   -23.97    94.27    28.86    28.88
    45.00    25.00   -10.33   -10.37    -2.91    11.29    -2.14    -9.40    -0.96    -0.04    -0.93     3.65    92.12    23.31    23.34
    45.00    30.00   -12.33   -12.60    -3.11    11.44    -4.68   -11.22    -1.38    -0.27    -1.11    19.46    90.00    19.57    19.63
    45.00    35.00   -14.34   -14.90    -3.28    11.60    -7.71   -13.02    -1.88    -0.56    -1.32    29.96    87.93    16.89    16.96
    45.00    40.00   -16.34   -17.27    -3.42    11.76   -11.25   -14.81    -2.46    -0.93    -1.53    37.83    85.89    14.86    14.96
    45.00    45.00   -18.35   -19.74    -3.54    11.92   -15.31   -16.62    -3.12    -1.39    -1.74    44.40    83.88    13.29    13.40
    45.00    50.00   -20.37   -22.32    -3.64    12.09   -19.94   -18.45    -3.87    -1.95    -1.92    50.40    81.91    12.02    12.16
    45.00    55.00   -22.40   -25.05    -3.71    12.27   -25.16   -20.33    -4.72    -2.66    -2.06    56.30    79.96    10.98    11.14
    45.00    60.00   -24.43   -27.99    -3.76    12.45   -31.05   -22.30    -5.69    -3.55    -2.13    62.49    78.04    10.12    10.30
    45.00    65.00   -26.48   -31.20    -3.78    12.63   -37.69   -24.40    -6.80    -4.72    -2.08    69.37    76.14     9.39     9.59
    45.00     0.00    -0.23     0.23    -1.57    10.61     3.56    -0.23     0.00    -0.45     0.45 ********   103.35 ******** ********
    45.00    -5.00     1.84     2.27    -1.23    10.48     3.34     1.80     0.03    -0.43     0.47 -1306.88   105.76   105.53   105.48
    45.00   -10.00     3.92     4.30    -0.85    10.35     2.66     3.77     0.15    -0.38     0.52  -255.50   108.24    55.75    55.72
    45.00   -15.00     6.03     6.31    -0.45    10.22     1.52     5.69     0.34    -0.28     0.62   -82.82   110.79    37.99    37.98
    45.00   -20.00     8.18     8.33    -0.01    10.09    -0.08     7.57     0.61    -0.15     0.76   -23.97   113.43    28.86    28.88
    45.00   -25.00    10.37    10.33     0.46     9.95    -2.14     9.40     0.96     0.04     0.93     3.65   116.16    23.31    23.34
    45.00   -30.00    12.60    12.33     0.97     9.80    -4.68    11.22     1.38     0.27     1.11    19.46   119.00    19.57    19.63
    45.00   -35.00    14.90    14.34     1.53     9.64    -7.71    13.02     1.88     0.56     1.32    29.96   121.97    16.89    16.96
    45.00   -40.00    17.27    16.34     2.13     9.47   -11.25    14.81     2.46     0.93     1.53    37.83   125.07    14.86    14.96
    45.00   -45.00    19.74    18.35     2.78     9.29   -15.31    16.62     3.12     1.39     1.74    44.40   128.35    13.29    13.40
    45.00   -50.00    22.32    20.37     3.50     9.08   -19.94    18.45     3.87     1.95     1.92    50.40   131.82    12.02    12.16
    45.00   -55.00    25.05    22.40     4.29     8.84   -25.16    20.33     4.72     2.66     2.06    56.30   135.55    10.98    11.14
    45.00   -60.00    27.99    24.43     5.18     8.56   -31.05    22.30     5.69     3.55     2.13    62.49   139.60    10.12    10.30
    45.00   -65.00    31.20    26.48     6.19     8.24   -37.69    24.40     6.80     4.72     2.08    69.37   144.08     9.39     9.59
    50.00     0.00    -0.26     0.26    -1.77    10.63     3.38    -0.26     0.00    -0.52     0.52 ********   103.45 ******** ********
    50.00     5.00    -2.30    -1.79    -2.09    10.76     3.16    -1.76    -0.03     0.51    -0.54 -1605.06   101.10   104.24   104.19
    50.00    10.00    -4.32    -3.87    -2.38    10.89     2.48    -3.72    -0.14     0.45    -0.59  -313.67    98.82    55.50    55.47
    50.00    15.00    -6.33    -5.97    -2.64    11.03     1.34    -5.63    -0.33     0.36    -0.69  -106.65    96.58    37.92    37.91
    50.00    20.00    -8.33    -8.11    -2.88    11.17    -0.26    -7.50    -0.60     0.22    -0.82   -36.81    94.39    28.85    28.87
    50.00    25.00   -10.32   -10.28    -3.10    11.31    -2.32    -9.34    -0.95     0.04    -0.99    -4.34    92.25    23.32    23.36
    50.00    30.00   -12.32   -12.51    -3.29    11.47    -4.86   -11.15    -1.36    -0.19    -1.17    14.03    90.14    19.60    19.65
    50.00    35.00   -14.31   -14.80    -3.46    11.62    -7.89   -12.94    -1.86    -0.48    -1.38    26.03    88.08    16.91    16.99
    50.00    40.00   -16.31   -17.16    -3.60    11.78   -11.43   -14.73    -2.43    -0.85    -1.58    34.87    86.04    14.89    14.99
    50.00    45.00   -18.31   -19.61    -3.72    11.95   -15.50   -16.52    -3.09    -1.30    -1.79    42.08    84.05    13.32    13.43
    50.00    50.00   -20.32   -22.17    -3.81    12.13   -20.12   -18.35    -3.83    -1.86    -1.97    48.52    82.08    12.05    12.19
    50.00    55.00   -22.33   -24.89    -3.88    12.31   -25.35   -20.22    -4.67    -2.55    -2.11    54.73    80.14    11.01    11.17
    50.00    60.00   -24.36   -27.79    -3.93    12.49   -31.23   -22.18    -5.62    -3.44    -2.18    61.14    78.22    10.15    10.33
    50.00    65.00   -26.40   -30.97    -3.95    12.68   -37.87   -24.26    -6.72    -4.58    -2.14    68.16    76.33     9.42     9.62
    50.00     0.00    -0.26     0.26    -1.77    10.63     3.38    -0.26     0.00    -0.52     0.52 ********   103.45 ******** ********
    50.00    -5.00     1.79     2.30    -1.42    10.50     3.16     1.76     0.03    -0.51     0.54 -1605.06   105.85   104.24   104.19
    50.00   -10.00     3.87     4.32    -1.05    10.37     2.48     3.72     0.14    -0.45     0.59  -313.67   108.32    55.50    55.47
    50.00   -15.00     5.97     6.33    -0.65    10.23     1.34     5.63     0.33    -0.36     0.69  -106.65   110.87    37.92    37.91
    50.00   -20.00     8.11     8.33    -0.21    10.10    -0.26     7.50     0.60    -0.22     0.82   -36.81   113.50    28.85    28.87
    50.00   -25.00    10.28    10.32     0.26     9.96    -2.32     9.34     0.95    -0.04     0.99    -4.34   116.22    23.32    23.36
    50.00   -30.00    12.51    12.32     0.77     9.81    -4.86    11.15     1.36     0.19     1.17    14.03   119.05    19.60    19.65
    50.00   -35.00    14.80    14.31     1.32     9.66    -7.89    12.94     1.86     0.48     1.38    26.03   122.00    16.91    16.99
    50.00   -40.00    17.16    16.31     1.92     9.48   -11.43    14.73     2.43     0.85     1.58    34.87   125.10    14.89    14.99
    50.00   -45.00    19.61    18.31     2.57     9.30   -15.50    16.52     3.09     1.30     1.79    42.08   128.36    13.32    13.43
    50.00   -50.00    22.17    20.32     3.28     9.09   -20.12    18.35     3.83     1.86     1.97    48.52   131.83    12.05    12.19
    50.00   -55.00    24.89    22.33     4.07     8.85   -25.35    20.22     4.67     2.55     2.11    54.73   135.54    11.01    11.17
    50.00   -60.00    27.79    24.36     4.95     8.57   -31.23    22.18     5.62     3.44     2.18    61.14   139.58    10.15    10.33
    50.00   -65.00    30.97    26.40     5.96     8.25   -37.87    24.26     6.72     4.58     2.14    68.16   144.03     9.42     9.62
    55.00     0.00    -0.30     0.30    -1.97    10.64     3.09    -0.30     0.00    -0.60     0.60 ********   103.53 ******** ********
    55.00     5.00    -2.33    -1.74    -2.28    10.77     2.86    -1.71    -0.03     0.58    -0.61 -1954.96   101.20   102.89   102.84
    55.00    10.00    -4.34    -3.81    -2.57    10.91     2.19    -3.67    -0.14     0.53    -0.67  -379.12    98.92    55.23    55.20
    55.00    15.00    -6.34    -5.90    -2.83    11.04     1.05    -5.58    -0.33     0.44    -0.76  -133.11    96.69    37.84    37.84
    55.00    20.00    -8.33    -8.03    -3.07    11.19    -0.55    -7.44    -0.59     0.30    -0.89   -50.99    94.51    28.84    28.85
    55.00    25.00   -10.32   -10.20    -3.28    11.34    -2.61    -9.27    -0.93     0.12    -1.05   -13.14    92.38    23.33    23.37
    55.00    30.00   -12.31   -12.41    -3.47    11.49    -5.15   -11.07    -1.35    -0.11    -1.24     8.05    90.28    19.62    19.67
    55.00    35.00   -14.29   -14.69    -3.64    11.65    -8.18   -12.85    -1.83    -0.40    -1.44    21.72    88.22    16.94    17.02
    55.00    40.00   -16.28   -17.04    -3.78    11.81   -11.72   -14.64    -2.40    -0.76    -1.64    31.61    86.20    14.92    15.02
    55.00    45.00   -18.27   -19.47    -3.90    11.98   -15.79   -16.43    -3.05    -1.20    -1.84    39.53    84.21    13.34    13.46
    55.00    50.00   -20.27   -22.02    -3.99    12.16   -20.41   -18.24    -3.78    -1.76    -2.02    46.46    82.25    12.08    12.22
    55.00    55.00   -22.27   -24.71    -4.06    12.34   -25.63   -20.11    -4.61    -2.44    -2.17    53.02    80.32    11.04    11.20
    55.00    60.00   -24.29   -27.60    -4.10    12.53   -31.51   -22.05    -5.55    -3.31    -2.24    59.67    78.41    10.18    10.36
    55.00    65.00   -26.31   -30.75    -4.12    12.72   -38.15   -24.11    -6.63    -4.43    -2.20    66.84    76.53     9.45     9.64
    55.00     0.00    -0.30     0.30    -1.97    10.64     3.09    -0.30     0.00    -0.60     0.60 ********   103.53 ******** ********
    55.00    -5.00     1.74     2.33    -1.62    10.51     2.86     1.71     0.03    -0.58     0.61 -1954.96   105.93   102.89   102.84
    55.00   -10.00     3.81     4.34    -1.25    10.38     2.19     3.67     0.14    -0.53     0.67  -379.12   108.39    55.23    55.20
    55.00   -15.00     5.90     6.34    -0.85    10.25     1.05     5.58     0.33    -0.44     0.76  -133.11   110.93    37.84    37.84
    55.00   -20.00     8.03     8.33    -0.42    10.11    -0.55     7.44     0.59    -0.30     0.89   -50.99   113.55    28.84    28.85
    55.00   -25.00    10.20    10.32     0.05     9.97    -2.61     9.27     0.93    -0.12     1.05   -13.14   116.27    23.33    23.37
    55.00   -30.00    12.41    12.31     0.56     9.82    -5.15    11.07     1.35     0.11     1.24     8.05   119.09    19.62    19.67
    55.00   -35.00    14.69    14.29     1.11     9.67    -8.18    12.85     1.83     0.40     1.44    21.72   122.03    16.94    17.02
    55.00   -40.00    17.04    16.28     1.70     9.50   -11.72    14.64     2.40     0.76     1.64    31.61   125.12    14.92    15.02
    55.00   -45.00    19.47    18.27     2.35     9.31   -15.79    16.43     3.05     1.20     1.84    39.53   128.37    13.34    13.46
    55.00   -50.00    22.02    20.27     3.06     9.10   -20.41    18.24     3.78     1.76     2.02    46.46   131.82    12.08    12.22
    55.00   -55.00    24.71    22.27     3.84     8.86   -25.63    20.11     4.61     2.44     2.17    53.02   135.52    11.04    11.20
    55.00   -60.00    27.60    24.29     4.72     8.59   -31.51    22.05     5.55     3.31     2.24    59.67   139.53    10.18    10.36
    55.00   -65.00    30.75    26.31     5.72     8.26   -38.15    24.11     6.63     4.43     2.20    66.84   143.96     9.45     9.64
    60.00     0.00    -0.34     0.34    -2.17    10.65     2.69    -0.34     0.00    -0.68     0.69 ********   103.62 ******** ********
    60.00     5.00    -2.36    -1.69    -2.48    10.79     2.46    -1.66    -0.03     0.67    -0.69 -2367.77   101.29   101.47   101.42
    60.00    10.00    -4.36    -3.75    -2.77    10.92     1.78    -3.61    -0.14     0.61    -0.75  -452.87    99.02    54.92    54.90
    60.00    15.00    -6.35    -5.83    -3.03    11.06     0.65    -5.51    -0.32     0.52    -0.84  -162.51    96.80    37.75    37.75
    60.00    20.00    -8.34    -7.95    -3.26    11.21    -0.95    -7.37    -0.58     0.39    -0.97   -66.64    94.63    28.82    28.83
    60.00    25.00   -10.32   -10.11    -3.48    11.36    -3.01    -9.19    -0.92     0.21    -1.12   -22.81    92.50    23.34    23.37
    60.00    30.00   -12.29   -12.31    -3.66    11.51    -5.55   -10.99    -1.32    -0.02    -1.30     1.50    90.42    19.63    19.69
    60.00    35.00   -14.27   -14.58    -3.83    11.67    -8.58   -12.77    -1.81    -0.31    -1.50    16.99    88.37    16.96    17.04
    60.00    40.00   -16.25   -16.91    -3.97    11.84   -12.12   -14.54    -2.37    -0.66    -1.70    28.04    86.35    14.95    15.05
    60.00    45.00   -18.23   -19.33    -4.08    12.02   -16.18   -16.33    -3.01    -1.10    -1.90    36.73    84.37    13.37    13.49
    60.00    50.00   -20.22   -21.86    -4.17    12.20   -20.80   -18.13    -3.73    -1.65    -2.08    44.20    82.42    12.11    12.25
    60.00    55.00   -22.21   -24.54    -4.24    12.38   -26.02   -19.99    -4.55    -2.33    -2.22    51.14    80.50    11.07    11.23
    60.00    60.00   -24.21   -27.39    -4.28    12.57   -31.90   -21.92    -5.48    -3.18    -2.30    58.05    78.60    10.21    10.38
    60.00    65.00   -26.23   -30.51    -4.30    12.76   -38.52   -23.96    -6.55    -4.28    -2.27    65.40    76.73     9.47     9.67
    60.00     0.00    -0.34     0.34    -2.17    10.65     2.69    -0.34     0.00    -0.68     0.69 ********   103.62 ******** ********
    60.00    -5.00     1.69     2.36    -1.83    10.52     2.46     1.66     0.03    -0.67     0.69 -2367.77   106.01   101.47   101.42
    60.00   -10.00     3.75     4.36    -1.46    10.39     1.78     3.61     0.14    -0.61     0.75  -452.87   108.46    54.92    54.90
    60.00   -15.00     5.83     6.35    -1.06    10.26     0.65     5.51     0.32    -0.52     0.84  -162.51   110.99    37.75    37.75
    60.00   -20.00     7.95     8.34    -0.63    10.12    -0.95     7.37     0.58    -0.39     0.97   -66.64   113.60    28.82    28.83
    60.00   -25.00    10.11    10.32    -0.16     9.98    -3.01     9.19     0.92    -0.21     1.12   -22.81   116.30    23.34    23.37
    60.00   -30.00    12.31    12.29     0.34     9.84    -5.55    10.99     1.32     0.02     1.30     1.50   119.12    19.63    19.69
    60.00   -35.00    14.58    14.27     0.89     9.68    -8.58    12.77     1.81     0.31     1.50    16.99   122.05    16.96    17.04
    60.00   -40.00    16.91    16.25     1.48     9.51   -12.12    14.54     2.37     0.66     1.70    28.04   125.12    14.95    15.05
    60.00   -45.00    19.33    18.23     2.12     9.32   -16.18    16.33     3.01     1.10     1.90    36.73   128.36    13.37    13.49
    60.00   -50.00    21.86    20.22     2.83     9.11   -20.80    18.13     3.73     1.65     2.08    44.20   131.80    12.11    12.25
    60.00   -55.00    24.54    22.21     3.61     8.88   -26.02    19.99     4.55     2.33     2.22    51.14   135.48    11.07    11.23
    60.00   -60.00    27.39    24.21     4.48     8.60   -31.90    21.92     5.48     3.18     2.30    58.05   139.47    10.21    10.38
    60.00   -65.00    30.51    26.23     5.47     8.28   -38.52    23.96     6.55     4.28     2.27    65.40   143.87     9.47     9.67
     0.00     0.00     0.00     0.00     0.00    10.52     0.00     0.00     0.00     0.00     0.00     0.00   102.24 ******** ********
     0.00     5.00    -2.11    -2.13    -0.33    10.64    -0.22    -2.09    -0.04    -0.02    -0.03    42.52    99.85   113.21   113.16
     0.00    10.00    -4.21    -4.29    -0.64    10.76    -0.90    -4.11    -0.18    -0.08    -0.10    43.36    97.52    56.85    56.82
     0.00    15.00    -6.30    -6.48    -0.93    10.88    -2.02    -6.09    -0.39    -0.17    -0.22    44.44    95.23    38.05    38.05
     0.00    20.00    -8.39    -8.70    -1.18    11.01    -3.61    -8.01    -0.69    -0.31    -0.37    45.76    93.00    28.65    28.67
     0.00    25.00   -10.47   -10.97    -1.42    11.14    -5.66    -9.90    -1.07    -0.50    -0.56    47.34    90.80    23.01    23.05
     0.00    30.00   -12.54   -13.30    -1.63    11.27    -8.18   -11.77    -1.53    -0.75    -0.77    49.21    88.65    19.25    19.31
     0.00    35.00   -14.63   -15.69    -1.81    11.41   -11.18   -13.62    -2.07    -1.06    -1.00    51.41    86.53    16.56    16.65
     0.00    40.00   -16.71   -18.16    -1.97    11.55   -14.69   -15.47    -2.69    -1.45    -1.24    53.99    84.45    14.54    14.65
     0.00    45.00   -18.81   -20.75    -2.11    11.70   -18.72   -17.34    -3.40    -1.94    -1.46    57.00    82.39    12.98    13.11
     0.00    50.00   -20.91   -23.46    -2.22    11.85   -23.31   -19.25    -4.22    -2.55    -1.66    60.56    80.36    11.72    11.87
     0.00    55.00   -23.02   -26.35    -2.31    12.00   -28.49   -21.21    -5.14    -3.33    -1.81    64.78    78.37    10.70    10.87
     0.00    60.00   -25.15   -29.49    -2.37    12.16   -34.34   -23.29    -6.20    -4.33    -1.87    69.88    76.39     9.85    10.04
     0.00    65.00   -27.30   -32.97    -2.40    12.31   -40.96   -25.53    -7.44    -5.67    -1.77    76.21    74.44     9.13     9.34
     0.00     0.00     0.00     0.00     0.00    10.52     0.00     0.00     0.00     0.00     0.00     0.00   102.24 ******** ********
     0.00    -5.00     2.13     2.11     0.36    10.39    -0.22     2.09     0.04     0.02     0.03    42.52   104.69   113.21   113.16
     0.00   -10.00     4.29     4.21     0.75    10.27    -0.90     4.11     0.18     0.08     0.10    43.36   107.21    56.85    56.82
     0.00   -15.00     6.48     6.30     1.17    10.14    -2.02     6.09     0.39     0.17     0.22    44.44   109.80    38.05    38.05
     0.00   -20.00     8.70     8.39     1.63    10.01    -3.61     8.01     0.69     0.31     0.37    45.76   112.47    28.65    28.67
     0.00   -25.00    10.97    10.47     2.11     9.87    -5.66     9.90     1.07     0.50     0.56    47.34   115.24    23.01    23.05
     0.00   -30.00    13.30    12.54     2.64     9.73    -8.18    11.77     1.53     0.75     0.77    49.21   118.12    19.25    19.31
     0.00   -35.00    15.69    14.63     3.21     9.57   -11.18    13.62     2.07     1.06     1.00    51.41   121.12    16.56    16.65
     0.00   -40.00    18.16    16.71     3.82     9.40   -14.69    15.47     2.69     1.45     1.24    53.99   124.27    14.54    14.65
     0.00   -45.00    20.75    18.81     4.50     9.22   -18.72    17.34     3.40     1.94     1.46    57.00   127.58    12.98    13.11
     0.00   -50.00    23.46    20.91     5.23     9.01   -23.31    19.25     4.22     2.55     1.66    60.56   131.10    11.72    11.87
     0.00   -55.00    26.35    23.02     6.05     8.78   -28.49    21.21     5.14     3.33     1.81    64.78   134.88    10.70    10.87
     0.00   -60.00    29.49    25.15     6.98     8.52   -34.34    23.29     6.20     4.33     1.87    69.88   138.98     9.85    10.04
     0.00   -65.00    32.97    27.30     8.04     8.21   -40.96    25.53     7.44     5.67     1.77    76.21   143.51     9.13     9.34
    -5.00     0.00     0.01    -0.01     0.16    10.51    -0.99     0.01     0.00     0.03    -0.03     0.00   102.09 ******** ********
    -5.00     5.00    -2.11    -2.15    -0.18    10.63    -1.22    -2.11    -0.05    -0.05     0.00   104.41    99.70   113.57   113.52
    -5.00    10.00    -4.21    -4.32    -0.49    10.75    -1.89    -4.14    -0.18    -0.10    -0.07    58.83    97.36    56.84    56.81
    -5.00    15.00    -6.31    -6.51    -0.77    10.87    -3.02    -6.12    -0.39    -0.20    -0.19    51.23    95.08    38.00    38.00
    -5.00    20.00    -8.40    -8.75    -1.03    11.00    -4.60    -8.05    -0.69    -0.34    -0.35    49.51    92.84    28.60    28.62
    -5.00    25.00   -10.49   -11.02    -1.27    11.13    -6.64    -9.95    -1.08    -0.53    -0.54    49.68    90.64    22.96    23.00
    -5.00    30.00   -12.58   -13.36    -1.48    11.26    -9.16   -11.82    -1.54    -0.78    -0.76    50.78    88.49    19.20    19.27
    -5.00    35.00   -14.67   -15.76    -1.66    11.39   -12.16   -13.68    -2.08    -1.09    -0.99    52.52    86.37    16.52    16.60
    -5.00    40.00   -16.76   -18.25    -1.83    11.53   -15.66   -15.54    -2.71    -1.49    -1.23    54.80    84.28    14.50    14.61
    -5.00    45.00   -18.86   -20.84    -1.96    11.68   -19.69   -17.41    -3.43    -1.98    -1.45    57.63    82.22    12.94    13.07
    -5.00    50.00   -20.98   -23.57    -2.08    11.82   -24.27   -19.32    -4.25    -2.59    -1.65    61.05    80.19    11.69    11.84
    -5.00    55.00   -23.10   -26.48    -2.17    11.98   -29.44   -21.30    -5.18    -3.38    -1.80    65.19    78.19    10.67    10.84
    -5.00    60.00   -25.24   -29.63    -2.23    12.13   -35.28   -23.38    -6.25    -4.39    -1.86    70.25    76.21     9.82    10.01
    -5.00    65.00   -27.40   -33.14    -2.26    12.28   -41.89   -25.64    -7.50    -5.74    -1.76    76.58    74.26     9.10     9.31
    -5.00     0.00     0.01    -0.01     0.16    10.51    -0.99     0.01     0.00     0.03    -0.03     0.00   102.09 ******** ********
    -5.00    -5.00     2.15     2.11     0.52    10.38    -1.22     2.11     0.05     0.05     0.00   104.41   104.54   113.57   113.52
    -5.00   -10.00     4.32     4.21     0.91    10.26    -1.89     4.14     0.18     0.10     0.07    58.83   107.06    56.84    56.81
    -5.00   -15.00     6.51     6.31     1.34    10.14    -3.02     6.12     0.39     0.20     0.19    51.23   109.65    38.00    38.00
    -5.00   -20.00     8.75     8.40     1.79    10.00    -4.60     8.05     0.69     0.34     0.35    49.51   112.32    28.60    28.62
    -5.00   -25.00    11.02    10.49     2.28     9.87    -6.64     9.95     1.08     0.53     0.54    49.68   115.09    22.96    23.00
    -5.00   -30.00    13.36    12.58     2.81     9.72    -9.16    11.82     1.54     0.78     0.76    50.78   117.97    19.20    19.27
    -5.00   -35.00    15.76    14.67     3.38     9.57   -12.16    13.68     2.08     1.09     0.99    52.52   120.97    16.52    16.60
    -5.00   -40.00    18.25    16.76     3.99     9.40   -15.66    15.54     2.71     1.49     1.23    54.80   124.12    14.50    14.61
    -5.00   -45.00    20.84    18.86     4.67     9.22   -19.69    17.41     3.43     1.98     1.45    57.63   127.43    12.94    13.07
    -5.00   -50.00    23.57    20.98     5.41     9.01   -24.27    19.32     4.25     2.59     1.65    61.05   130.95    11.69    11.84
    -5.00   -55.00    26.48    23.10     6.23     8.78   -29.44    21.30     5.18     3.38     1.80    65.19   134.72    10.67    10.84
    -5.00   -60.00    29.63    25.24     7.15     8.52   -35.28    23.38     6.25     4.39     1.86    70.25   138.81     9.82    10.01
    -5.00   -65.00    33.14    27.40     8.22     8.21   -41.89    25.64     7.50     5.74     1.76    76.58   143.34     9.10     9.31
   -10.00     0.00     0.03    -0.03     0.31    10.50    -2.11     0.03     0.00     0.05    -0.05     0.00   101.93 ******** ********
   -10.00     5.00    -2.10    -2.17    -0.02    10.62    -2.34    -2.13    -0.05    -0.07     0.03   155.20    99.54   113.82   113.78
   -10.00    10.00    -4.22    -4.35    -0.34    10.74    -3.01    -4.17    -0.18    -0.13    -0.05    71.65    97.20    56.80    56.78
   -10.00    15.00    -6.32    -6.55    -0.62    10.86    -4.13    -6.15    -0.40    -0.23    -0.17    56.87    94.92    37.94    37.94
   -10.00    20.00    -8.42    -8.79    -0.88    10.99    -5.71    -8.09    -0.70    -0.37    -0.33    52.60    92.68    28.54    28.56
   -10.00    25.00   -10.52   -11.07    -1.12    11.11    -7.75    -9.99    -1.08    -0.56    -0.52    51.59    90.48    22.90    22.95
   -10.00    30.00   -12.61   -13.42    -1.33    11.24   -10.26   -11.87    -1.55    -0.81    -0.74    52.06    88.32    19.15    19.22
   -10.00    35.00   -14.71   -15.83    -1.52    11.38   -13.26   -13.73    -2.10    -1.12    -0.98    53.41    86.20    16.47    16.56
   -10.00    40.00   -16.81   -18.32    -1.68    11.52   -16.76   -15.60    -2.73    -1.51    -1.22    55.45    84.11    14.46    14.57
   -10.00    45.00   -18.92   -20.93    -1.82    11.66   -20.78   -17.48    -3.45    -2.01    -1.45    58.12    82.05    12.90    13.03
   -10.00    50.00   -21.04   -23.67    -1.94    11.80   -25.35   -19.40    -4.28    -2.63    -1.65    61.44    80.02    11.65    11.81
   -10.00    55.00   -23.18   -26.60    -2.03    11.95   -30.51   -21.38    -5.22    -3.42    -1.80    65.52    78.02    10.63    10.81
   -10.00    60.00   -25.33   -29.77    -2.09    12.10   -36.34   -23.48    -6.29    -4.44    -1.85    70.55    76.04     9.78     9.98
   -10.00    65.00   -27.50   -33.31    -2.13    12.25   -42.94   -25.75    -7.56    -5.81    -1.75    76.89    74.08     9.07     9.28
   -10.00     0.00     0.03    -0.03     0.31    10.50    -2.11     0.03     0.00     0.05    -0.05     0.00   101.93 ******** ********
   -10.00    -5.00     2.17     2.10     0.68    10.38    -2.34     2.13     0.05     0.07    -0.03   155.20   104.38   113.82   113.78
   -10.00   -10.00     4.35     4.22     1.07    10.25    -3.01     4.17     0.18     0.13     0.05    71.65   106.90    56.80    56.78
   -10.00   -15.00     6.55     6.32     1.49    10.13    -4.13     6.15     0.40     0.23     0.17    56.87   109.49    37.94    37.94
   -10.00   -20.00     8.79     8.42     1.95    10.00    -5.71     8.09     0.70     0.37     0.33    52.60   112.17    28.54    28.56
   -10.00   -25.00    11.07    10.52     2.44     9.86    -7.75     9.99     1.08     0.56     0.52    51.59   114.94    22.90    22.95
   -10.00   -30.00    13.42    12.61     2.97     9.72   -10.26    11.87     1.55     0.81     0.74    52.06   117.81    19.15    19.22
   -10.00   -35.00    15.83    14.71     3.54     9.56   -13.26    13.73     2.10     1.12     0.98    53.41   120.81    16.47    16.56
   -10.00   -40.00    18.32    16.81     4.16     9.40   -16.76    15.60     2.73     1.51     1.22    55.45   123.95    14.46    14.57
   -10.00   -45.00    20.93    18.92     4.83     9.21   -20.78    17.48     3.45     2.01     1.45    58.12   127.27    12.90    13.03
   -10.00   -50.00    23.67    21.04     5.57     9.01   -25.35    19.40     4.28     2.63     1.65    61.44   130.78    11.65    11.81
   -10.00   -55.00    26.60    23.18     6.40     8.78   -30.51    21.38     5.22     3.42     1.80    65.52   134.54    10.63    10.81
   -10.00   -60.00    29.77    25.33     7.33     8.52   -36.34    23.48     6.29     4.44     1.85    70.55   138.63     9.78     9.98
   -10.00   -65.00    33.31    27.50     8.40     8.22   -42.94    25.75     7.56     5.81     1.75    76.89   143.14     9.07     9.28
   -15.00     0.00     0.04    -0.04     0.46    10.49    -3.36     0.04     0.00     0.07    -0.07     0.00   101.77 ******** ********
   -15.00     5.00    -2.10    -2.19     0.13    10.61    -3.58    -2.14    -0.05    -0.09     0.04   195.81    99.38   113.97   113.92
   -15.00    10.00    -4.22    -4.37    -0.19    10.73    -4.25    -4.19    -0.18    -0.15    -0.03    81.97    97.04    56.74    56.71
   -15.00    15.00    -6.33    -6.58    -0.47    10.85    -5.37    -6.18    -0.40    -0.25    -0.16    61.39    94.75    37.87    37.87
   -15.00    20.00    -8.44    -8.83    -0.74    10.97    -6.95    -8.12    -0.71    -0.39    -0.32    55.07    92.51    28.47    28.50
   -15.00    25.00   -10.54   -11.12    -0.98    11.10    -8.99   -10.03    -1.09    -0.58    -0.51    53.10    90.32    22.84    22.89
   -15.00    30.00   -12.65   -13.47    -1.19    11.23   -11.50   -11.91    -1.56    -0.83    -0.73    53.05    88.16    19.10    19.17
   -15.00    35.00   -14.75   -15.89    -1.38    11.36   -14.49   -13.78    -2.11    -1.14    -0.97    54.10    86.03    16.42    16.51
   -15.00    40.00   -16.86   -18.40    -1.54    11.50   -17.98   -15.65    -2.75    -1.54    -1.21    55.94    83.94    14.42    14.53
   -15.00    45.00   -18.98   -21.02    -1.68    11.64   -21.99   -17.54    -3.48    -2.03    -1.44    58.48    81.88    12.86    12.99
   -15.00    50.00   -21.12   -23.77    -1.80    11.78   -26.55   -19.47    -4.31    -2.66    -1.65    61.72    79.85    11.61    11.77
   -15.00    55.00   -23.26   -26.71    -1.89    11.93   -31.71   -21.46    -5.25    -3.45    -1.80    65.75    77.84    10.60    10.77
   -15.00    60.00   -25.42   -29.91    -1.96    12.08   -37.53   -23.57    -6.34    -4.48    -1.85    70.77    75.86     9.75     9.95
   -15.00    65.00   -27.60   -33.47    -2.00    12.23   -44.12   -25.86    -7.61    -5.87    -1.74    77.13    73.90     9.04     9.26
   -15.00     0.00     0.04    -0.04     0.46    10.49    -3.36     0.04     0.00     0.07    -0.07     0.00   101.77 ******** ********
   -15.00    -5.00     2.19     2.10     0.83    10.37    -3.58     2.14     0.05     0.09    -0.04   195.81   104.22   113.97   113.92
   -15.00   -10.00     4.37     4.22     1.23    10.25    -4.25     4.19     0.18     0.15     0.03    81.97   106.73    56.74    56.71
   -15.00   -15.00     6.58     6.33     1.65    10.12    -5.37     6.18     0.40     0.25     0.16    61.39   109.33    37.87    37.87
   -15.00   -20.00     8.83     8.44     2.11     9.99    -6.95     8.12     0.71     0.39     0.32    55.07   112.00    28.47    28.50
   -15.00   -25.00    11.12    10.54     2.60     9.86    -8.99    10.03     1.09     0.58     0.51    53.10   114.77    22.84    22.89
   -15.00   -30.00    13.47    12.65     3.13     9.71   -11.50    11.91     1.56     0.83     0.73    53.05   117.64    19.10    19.17
   -15.00   -35.00    15.89    14.75     3.70     9.56   -14.49    13.78     2.11     1.14     0.97    54.10   120.64    16.42    16.51
   -15.00   -40.00    18.40    16.86     4.32     9.39   -17.98    15.65     2.75     1.54     1.21    55.94   123.78    14.42    14.53
   -15.00   -45.00    21.02    18.98     5.00     9.21   -21.99    17.54     3.48     2.03     1.44    58.48   127.09    12.86    12.99
   -15.00   -50.00    23.77    21.12     5.74     9.01   -26.55    19.47     4.31     2.66     1.65    61.72   130.60    11.61    11.77
   -15.00   -55.00    26.71    23.26     6.56     8.78   -31.71    21.46     5.25     3.45     1.80    65.75   134.35    10.60    10.77
   -15.00   -60.00    29.91    25.42     7.49     8.52   -37.53    23.57     6.34     4.48     1.85    70.77   138.43     9.75     9.95
   -15.00   -65.00    33.47    27.60     8.57     8.22   -44.12    25.86     7.61     5.87     1.74    77.13   142.93     9.04     9.26
   -20.00     0.00     0.04    -0.04     0.61    10.48    -4.73     0.04     0.00     0.09    -0.09     0.00   101.60 ******** ********
   -20.00     5.00    -2.10    -2.21     0.27    10.60    -4.95    -2.16    -0.05    -0.11     0.06   226.97    99.21   114.01   113.96
   -20.00    10.00    -4.23    -4.39    -0.04    10.72    -5.62    -4.21    -0.18    -0.16    -0.02    89.91    96.87    56.65    56.63
   -20.00    15.00    -6.35    -6.61    -0.33    10.84    -6.74    -6.21    -0.41    -0.26    -0.14    64.84    94.59    37.79    37.79
   -20.00    20.00    -8.46    -8.87    -0.59    10.96    -8.31    -8.16    -0.71    -0.40    -0.31    56.93    92.35    28.40    28.43
   -20.00    25.00   -10.57   -11.17    -0.83    11.09   -10.35   -10.07    -1.10    -0.60    -0.50    54.22    90.15    22.78    22.83
   -20.00    30.00   -12.68   -13.53    -1.05    11.22   -12.85   -11.96    -1.57    -0.84    -0.73    53.76    87.99    19.04    19.11
   -20.00    35.00   -14.80   -15.96    -1.24    11.35   -15.84   -13.83    -2.12    -1.16    -0.96    54.57    85.86    16.37    16.46
   -20.00    40.00   -16.92   -18.47    -1.41    11.48   -19.32   -15.71    -2.76    -1.56    -1.21    56.26    83.77    14.37    14.49
   -20.00    45.00   -19.05   -21.10    -1.55    11.62   -23.33   -17.60    -3.50    -2.05    -1.44    58.71    81.71    12.82    12.95
   -20.00    50.00   -21.19   -23.87    -1.67    11.76   -27.88   -19.54    -4.33    -2.68    -1.65    61.89    79.68    11.58    11.73
   -20.00    55.00   -23.34   -26.82    -1.76    11.90   -33.03   -21.54    -5.28    -3.48    -1.80    65.89    77.67    10.56    10.74
   -20.00    60.00   -25.51   -30.04    -1.83    12.05   -38.84   -23.66    -6.38    -4.52    -1.86    70.91    75.69     9.72     9.92
   -20.00    65.00   -27.70   -33.63    -1.87    12.20   -45.42   -25.96    -7.66    -5.92    -1.74    77.31    73.73     9.01     9.23
   -20.00     0.00     0.04    -0.04     0.61    10.48    -4.73     0.04     0.00     0.09    -0.09     0.00   101.60 ******** ********
   -20.00    -5.00     2.21     2.10     0.98    10.36    -4.95     2.16     0.05     0.11    -0.06   226.97   104.05   114.01   113.96
   -20.00   -10.00     4.39     4.23     1.38    10.24    -5.62     4.21     0.18     0.16     0.02    89.91   106.56    56.65    56.63
   -20.00   -15.00     6.61     6.35     1.80    10.12    -6.74     6.21     0.41     0.26     0.14    64.84   109.15    37.79    37.79
   -20.00   -20.00     8.87     8.46     2.26     9.99    -8.31     8.16     0.71     0.40     0.31    56.93   111.83    28.40    28.43
   -20.00   -25.00    11.17    10.57     2.75     9.85   -10.35    10.07     1.10     0.60     0.50    54.22   114.59    22.78    22.83
   -20.00   -30.00    13.53    12.68     3.28     9.71   -12.85    11.96     1.57     0.84     0.73    53.76   117.46    19.04    19.11
   -20.00   -35.00    15.96    14.80     3.86     9.56   -15.84    13.83     2.12     1.16     0.96    54.57   120.46    16.37    16.46
   -20.00   -40.00    18.47    16.92     4.48     9.39   -19.32    15.71     2.76     1.56     1.21    56.26   123.59    14.37    14.49
   -20.00   -45.00    21.10    19.05     5.15     9.21   -23.33    17.60     3.50     2.05     1.44    58.71   126.89    12.82    12.95
   -20.00   -50.00    23.87    21.19     5.90     9.01   -27.88    19.54     4.33     2.68     1.65    61.89   130.40    11.58    11.73
   -20.00   -55.00    26.82    23.34     6.72     8.78   -33.03    21.54     5.28     3.48     1.80    65.89   134.15    10.56    10.74
   -20.00   -60.00    30.04    25.51     7.66     8.52   -38.84    23.66     6.38     4.52     1.86    70.91   138.21     9.72     9.92
   -20.00   -65.00    33.63    27.70     8.74     8.23   -45.42    25.96     7.66     5.92     1.74    77.31   142.69     9.01     9.23
   -25.00     0.00     0.05    -0.05     0.76    10.48    -6.23     0.05     0.00     0.10    -0.10     0.00   101.42 ******** ********
   -25.00     5.00    -2.10    -2.22     0.42    10.59    -6.45    -2.17    -0.05    -0.12     0.07   249.26    99.03   113.94   113.89
   -25.00    10.00    -4.24    -4.41     0.10    10.71    -7.12    -4.23    -0.18    -0.18    -0.01    95.57    96.70    56.54    56.52
   -25.00    15.00    -6.36    -6.64    -0.19    10.83    -8.24    -6.23    -0.41    -0.27    -0.13    67.27    94.41    37.69    37.70
   -25.00    20.00    -8.49    -8.90    -0.45    10.95    -9.81    -8.19    -0.72    -0.42    -0.30    58.20    92.17    28.32    28.35
   -25.00    25.00   -10.60   -11.21    -0.70    11.08   -11.84   -10.11    -1.11    -0.61    -0.50    54.95    89.98    22.72    22.77
   -25.00    30.00   -12.72   -13.58    -0.91    11.20   -14.34   -12.00    -1.58    -0.86    -0.72    54.21    87.82    18.98    19.06
   -25.00    35.00   -14.84   -16.02    -1.10    11.33   -17.32   -13.88    -2.14    -1.17    -0.96    54.85    85.69    16.32    16.42
   -25.00    40.00   -16.97   -18.54    -1.27    11.46   -20.80   -15.76    -2.78    -1.57    -1.21    56.43    83.60    14.33    14.44
   -25.00    45.00   -19.11   -21.18    -1.42    11.60   -24.79   -17.66    -3.52    -2.07    -1.45    58.81    81.54    12.78    12.92
   -25.00    50.00   -21.26   -23.96    -1.54    11.74   -29.34   -19.61    -4.36    -2.70    -1.66    61.96    79.51    11.54    11.70
   -25.00    55.00   -23.43   -26.93    -1.63    11.88   -34.48   -21.62    -5.31    -3.50    -1.81    65.95    77.50    10.53    10.71
   -25.00    60.00   -25.61   -30.16    -1.70    12.03   -40.27   -23.75    -6.42    -4.55    -1.86    70.98    75.52     9.69     9.89
   -25.00    65.00   -27.81   -33.78    -1.74    12.17   -46.85   -26.07    -7.71    -5.97    -1.74    77.42    73.55     8.98     9.20
   -25.00     0.00     0.05    -0.05     0.76    10.48    -6.23     0.05     0.00     0.10    -0.10     0.00   101.42 ******** ********
   -25.00    -5.00     2.22     2.10     1.13    10.36    -6.45     2.17     0.05     0.12    -0.07   249.26   103.87   113.94   113.89
   -25.00   -10.00     4.41     4.24     1.52    10.24    -7.12     4.23     0.18     0.18     0.01    95.57   106.38    56.54    56.52
   -25.00   -15.00     6.64     6.36     1.95    10.11    -8.24     6.23     0.41     0.27     0.13    67.27   108.97    37.69    37.70
   -25.00   -20.00     8.90     8.49     2.41     9.98    -9.81     8.19     0.72     0.42     0.30    58.20   111.64    28.32    28.35
   -25.00   -25.00    11.21    10.60     2.90     9.85   -11.84    10.11     1.11     0.61     0.50    54.95   114.41    22.72    22.77
   -25.00   -30.00    13.58    12.72     3.44     9.70   -14.34    12.00     1.58     0.86     0.72    54.21   117.27    18.98    19.06
   -25.00   -35.00    16.02    14.84     4.01     9.55   -17.32    13.88     2.14     1.17     0.96    54.85   120.26    16.32    16.42
   -25.00   -40.00    18.54    16.97     4.63     9.39   -20.80    15.76     2.78     1.57     1.21    56.43   123.39    14.33    14.44
   -25.00   -45.00    21.18    19.11     5.31     9.21   -24.79    17.66     3.52     2.07     1.45    58.81   126.69    12.78    12.92
   -25.00   -50.00    23.96    21.26     6.06     9.01   -29.34    19.61     4.36     2.70     1.66    61.96   130.18    11.54    11.70
   -25.00   -55.00    26.93    23.43     6.88     8.78   -34.48    21.62     5.31     3.50     1.81    65.95   133.92    10.53    10.71
   -25.00   -60.00    30.16    25.61     7.82     8.53   -40.27    23.75     6.42     4.55     1.86    70.98   137.97     9.69     9.89
   -25.00   -65.00    33.78    27.81     8.91     8.23   -46.85    26.07     7.71     5.97     1.74    77.42   142.44     8.98     9.20
